A = [0 -3 7;
     1 2 -1;
     5 -2 0;]

b = [4; 0; 3]

A\b



